1: 27 36 42 71 77 
2: 10 26 36 47 62 
3: 12 21 34 42 60 
4: 02 43 45 71 80 
5: 07 21 30 52 80 
6: 36 39 66 75 77 
7: 22 27 35 63 71 
8: 19 20 44 50 74 
9: 04 07 10 45 54 
10: 07 37 44 47 73 
11: 01 25 32 57 68 
12: 02 15 39 57 65 
13: 14 21 36 62 78 
14: 06 14 16 25 38 
15: 16 25 40 42 56 
16: 38 42 49 68 78 
17: 12 13 18 58 61 
18: 05 21 26 54 64 
19: 10 17 18 49 52 
20: 16 44 46 67 73 
21: 06 10 29 61 72 
22: 02 09 40 42 49 
23: 02 07 45 54 62 
24: 08 10 61 76 80 
25: 04 46 60 62 70 
26: 11 12 45 55 61 
27: 03 41 44 56 72 
28: 12 15 31 32 80 
29: 02 07 54 60 77 
30: 04 29 47 49 64 
31: 12 21 44 47 79 
32: 22 34 38 39 68 
